Cube.029
-147.11541748046875 77.04584503173828 -10.07276725769043
39.27001953125 154.09169006347656 39.27001953125
0.0 1.570768117904663 0.0
Cube.028
163.72308349609375 77.04584503173828 -10.081541061401367
39.27001953125 154.09169006347656 39.27001953125
0.0 1.570768117904663 0.0
Cube.027
-67.57498931884766 145.57249450683594 -10.075078010559082
39.27001953125 17.794767379760742 121.40608978271484
0.0 1.570768117904663 0.0
Cube.026
84.255859375 145.57249450683594 -10.079361915588379
39.27001953125 17.794767379760742 121.40608978271484
0.0 1.570768117904663 0.0
Cube.025
6.230220317840576 145.57249450683594 -85.94055938720703
39.27001953125 17.794767379760742 121.40608978271484
0.0 0.0 0.0
Cube.024
6.230220317840576 145.57249450683594 65.8902816772461
39.27001953125 17.794767379760742 121.40608978271484
0.0 0.0 0.0
Cube.023
6.230287551879883 77.04584503173828 -165.40777587890625
39.27001953125 154.09169006347656 39.27001953125
0.0 0.0 0.0
Cube.022
6.230287551879883 77.04584503173828 145.43072509765625
39.27001953125 154.09169006347656 39.27001953125
0.0 0.0 0.0
Cube.021
45.596885681152344 59.22456359863281 -10.076807975769043
39.27001953125 39.48305130004883 39.27001953125
0.0 0.0 0.0
Cube.020
35.17746353149414 59.22456359863281 51.42672348022461
39.27001953125 39.48305130004883 39.27001953125
0.0 0.0 0.0
Cube.019
6.656562805175781 98.70757293701172 51.5787353515625
39.27001953125 39.48305130004883 39.27001953125
0.0 0.0 0.0
Cube.018
-32.83238220214844 59.22456359863281 -10.63707447052002
39.27001953125 39.48305130004883 39.27001953125
0.0 0.0 0.0
Cube.017
6.2302703857421875 98.70761108398438 -71.0177001953125
39.27001953125 39.48305130004883 39.27001953125
0.0 0.0 0.0
Cube.016
-28.89669418334961 59.22456359863281 -71.01771545410156
39.27001953125 39.48305130004883 39.27001953125
0.0 0.0 0.0
Cube.015
34.8292236328125 59.22456359863281 -71.01768493652344
39.27001953125 39.48305130004883 39.27001953125
0.0 0.0 0.0
Cube.014
-25.45510482788086 59.22456359863281 51.5787467956543
39.27001953125 39.48305130004883 39.27001953125
0.0 0.0 0.0
Cube.013
7.130998611450195 19.741519927978516 51.42673110961914
39.27001953125 39.48305130004883 39.27001953125
0.0 0.0 0.0
Cube.012
70.20108032226562 19.741519927978516 -71.01768493652344
39.27001953125 39.48305130004883 39.27001953125
0.0 0.0 0.0
Cube.011
5.149078369140625 19.741519927978516 -71.0177001953125
39.27001953125 39.48305130004883 39.27001953125
0.0 0.0 0.0
Cube.010
-60.08888244628906 19.741519927978516 -71.01771545410156
39.27001953125 39.48305130004883 39.27001953125
0.0 0.0 0.0
Cube.009
-60.0888671875 19.741519927978516 -10.63707447052002
39.27001953125 39.48305130004883 39.27001953125
0.0 0.0 0.0
Cube.008
-60.08885192871094 19.741519927978516 51.57875442504883
39.27001953125 39.48305130004883 39.27001953125
0.0 0.0 0.0
Cube.007
7.130998611450195 19.741519927978516 51.42673110961914
39.27001953125 39.48305130004883 39.27001953125
0.0 0.0 0.0
Cube.006
70.20106506347656 19.741519927978516 51.42673110961914
39.27001953125 39.48305130004883 39.27001953125
0.0 0.0 0.0
Cube.005
69.87281799316406 19.741519927978516 -10.076807975769043
39.27001953125 39.48305130004883 39.27001953125
0.0 0.0 0.0
Cube.004
6.230287551879883 77.04584503173828 -10.076797485351562
39.27001953125 154.09169006347656 39.27001953125
0.0 0.0 0.0
Cube.003
-212.9852752685547 77.04584503173828 -234.0655517578125
39.27001953125 154.09169006347656 39.27001953125
0.0 0.0 0.0
Cube.002
230.14231872558594 77.04584503173828 -228.94424438476562
39.27001953125 154.09169006347656 39.27001953125
0.0 0.0 0.0
Cube.001
231.10560607910156 77.04584503173828 216.4144287109375
39.27001953125 154.09169006347656 39.27001953125
0.0 0.0 0.0
Cube
-222.19644165039062 77.04584503173828 222.20755004882812
39.27001953125 154.09169006347656 39.27001953125
0.0 0.0 0.0
